m floor/floor.obj 0.0 0.0 0.0 0.0 0.0 0.0 1.0 0.0 1.2 1.0 1.0 1.0
s -1.0 1.0 0.0 0.35 0.0 1.0 1.2 1.0 0.0 0.0
s 0.0 1.0 0.0 0.35 0.0 1.0 1.2 0.0 1.0 0.0
s 1.0 1.0 0.0 0.35 0.0 1.0 1.2 0.0 0.0 1.0
s -1.0 2.0 0.0 0.35 0.0 1.0 1.2 1.0 1.0 0.0
s 0.0 2.0 0.0 0.35 0.0 1.0 1.2 0.0 1.0 1.0
s 1.0 2.0 0.0 0.35 0.0 1.0 1.2 1.0 0.0 0.0
s -1.0 3.0 0.0 0.35 0.0 1.0 1.2 1.0 0.0 1.0
s 0.0 3.0 0.0 0.35 0.0 1.0 1.2 0.0 0.0 1.0
s 1.0 3.0 0.0 0.35 0.0 1.0 1.2 0.0 1.0 0.0
s -4.0 1.0 0.0 0.35 0.0 1.0 1.2 1.0 0.0 0.0
s -3.0 1.0 0.0 0.35 0.0 1.0 1.2 1.0 0.0 1.0
s -2.0 1.0 0.0 0.35 0.0 1.0 1.2 0.0 0.0 1.0
s -4.0 2.0 0.0 0.35 0.0 1.0 1.2 1.0 0.0 1.0
s -3.0 2.0 0.0 0.35 0.0 1.0 1.2 0.0 1.0 0.0
s -2.0 2.0 0.0 0.35 0.0 1.0 1.2 1.0 0.0 0.0
s -4.0 3.0 0.0 0.35 0.0 1.0 1.2 1.0 1.0 0.0
s -3.0 3.0 0.0 0.35 0.0 1.0 1.2 0.0 0.0 1.0
s -2.0 3.0 0.0 0.35 0.0 1.0 1.2 0.0 1.0 0.0
s 4.0 1.0 0.0 0.35 0.0 1.0 1.2 1.0 0.0 0.0
s 3.0 1.0 0.0 0.35 0.0 1.0 1.2 0.0 1.0 0.0
s 2.0 1.0 0.0 0.35 0.0 1.0 1.2 1.0 0.0 0.0
s 4.0 2.0 0.0 0.35 0.0 1.0 1.2 0.0 0.0 1.0
s 3.0 2.0 0.0 0.35 0.0 1.0 1.2 0.0 1.0 1.0
s 2.0 2.0 0.0 0.35 0.0 1.0 1.2 1.0 1.0 0.0
s 4.0 3.0 0.0 0.35 0.0 1.0 1.2 1.0 0.0 1.0
s 3.0 3.0 0.0 0.35 0.0 1.0 1.2 0.0 0.0 1.0
s 2.0 3.0 0.0 0.35 0.0 1.0 1.2 0.0 1.0 0.0
l 0.0 3.0 -1.0 0.8 0.8 0.8 0.045 0.007575