m plane2/plane2.obj 0.0 0.0 0.0 0.0 0.0 0.0 0.4 0.0 1.2 1.0 1.0 1.0
m open-roof/open-roof.obj 0.0 10.0 0.0 0.01 0.0 180.0 0.0 0.0 1.2 1.0 1.0 1.0
m plane2/plane2.obj 0.0 10.3 -9.8 0.0 0.0 180.0 0.0 0.0 1.2 1.0 1.0 1.0
m plane2/plane2.obj 15.0 10.3 -9.8 0.0 0.0 180.0 0.0 0.0 1.2 1.0 1.0 1.0
m plane2/plane2.obj -15.0 10.3 -9.8 0.0 0.0 180.0 0.0 0.0 1.2 1.0 1.0 1.0
m plane2/plane2.obj 0.0 10.3 9.8 0.0 0.0 180.0 0.0 0.0 1.2 1.0 1.0 1.0
m plane2/plane2.obj 15.0 10.3 9.8 0.0 0.0 180.0 0.0 0.0 1.2 1.0 1.0 1.0
m plane2/plane2.obj -15.0 10.3 9.8 0.0 0.0 180.0 0.0 0.0 1.2 1.0 1.0 1.0
m plane2/plane2.obj 15.0 10.3 0.0 0.0 0.0 180.0 0.0 0.0 1.2 1.0 1.0 1.0
m plane2/plane2.obj -15.0 10.3 0.0 0.0 0.0 180.0 0.0 0.0 1.2 1.0 1.0 1.0
m plane/plane.obj 7.5 5.0 0.0 0.0 0.0 90.0 0.0 0.0 1.2 0.1 0.8 0.3
m plane/plane.obj -7.5 5.0 0.0 0.0 0.0 -90.0 0.0 0.0 1.2 0.8 0.3 0.1
m plane2/plane2.obj 0.0 5.0 5.0 -90.0 0.0 0.0 0.0 0.0 1.2 1.0 1.0 1.0
s -2.0 1.0 1.5 1.0 0.0 0.0 1.2 0.8 0.3 0.3
s 2.5 1.6 -0.5 1.6 0.0 0.0 1.2 0.3 0.3 0.8
l 50.0 200.0 0.0 1.0 1.0 1.0 0.0014 0.000007